32
0
0
0
0
0
0
0
0
0
0
0
0
0
0
0
0
0
0
0
0
0
0
0
0
0
0
0
0
0
0
0
0
-1 929.749105 311.764645 113.215625 2129.855026 1821.473333 1399.964465 3604.464305 1745.184634 1610.259193 2967.91018 3624.615154 250.092445 4935.92324 1598.649274 575.776125 2673.33489 691.990169 582.72633 3530.94074 1316.543546 121.372569 158.552885 1394.087258 493.237949 700.42477 1278.366325 2851.843466 425.332305 2776.598378 1302.640393 1205.918137
-1 -1 180.63578 431.39993 366.451445 885.78649 841.0868 1318.658804 900.981665 1370.786976 731.426153 1805.900213 396.54693 2260.192925 987.138373 398.534452 1080.039337 331.41233 96.173197 837.894329 56.298785 380.840482 1188.4954 226.613605 80.356648 1043.469509 128.10121 1386.976049 897.618298 614.423797 413.939684 1222.90568
-1 180.63578 -1 97.57417 986.151069 1248.922442 1033.89322 2255.278408 1226.166561 1468.102484 1573.050301 2609.683677 59.19125 3420.175945 843.768077 161.097424 1358.157529 173.094506 46.651909 1767.592973 410.252329 55.28077 451.9969 421.433197 21.356452 826.535053 338.59793 2016.272857 592.261066 1411.147421 699.89364 1186.397748
-1 431.39993 97.57417 -1 1262.012101 1109.481908 821.89629 2455.92693 1061.705209 1088.198618 1922.425805 2549.973829 171.31322 3593.387565 1425.333949 436.53725 2177.323265 492.007744 276.973205 2462.360365 672.588621 8.787344 393.51721 920.974333 185.643874 445.316645 783.7765 1920.064941 251.45168 1770.829853 673.158418 796.058962
-1 366.451445 986.151069 1262.012101 -1 451.913045 613.809565 307.722025 502.18452 1101.916973 69.790594 703.96416 1492.748069 826.66609 2326.63304 1522.946413 1980.131368 1371.947525 837.796048 450.34949 135.5017 1260.269821 2768.112265 876.18568 756.771865 1319.75584 683.135477 543.482692 1377.752989 43.66568 253.804833 1173.972645
-1 885.78649 1248.922442 1109.481908 451.913045 -1 40.15325 491.246762 2.299505 160.469002 630.836401 312.797909 1834.925392 881.237825 3718.135229 2220.83549 3809.574185 2149.38994 1375.317605 1799.179057 632.142965 1225.618004 2823.64525 1977.132925 1141.560154 465.758197 1651.579136 116.663573 644.368196 641.914461 89.473946 246.51629
-1 841.0868 1033.89322 821.89629 613.809565 40.15325 -1 802.028484 24.537145 74.969936 897.311753 560.431453 1546.21337 1297.018125 3521.868013 1979.540372 3812.177057 1945.42261 1222.301717 2107.963609 669.000105 942.050762 2346.745 1939.738765 983.917288 232.434989 1621.42093 282.126969 369.554498 887.295197 93.608404 98.04112
-1 1318.658804 2255.278408 2455.92693 307.722025 491.246762 802.028484 -1 560.436253 1168.775684 149.687585 184.297705 3029.761058 126.351909 4316.813545 3167.02484 3695.352725 2962.597378 2116.110785 948.910225 835.983405 2523.525962 4653.088804 2206.776457 1943.56402 1874.692025 1901.752906 237.236733 2135.67341 210.195545 594.978976 1432.781236
-1 900.981665 1226.166561 1061.705209 502.18452 2.299505 24.537145 560.436253 -1 126.083609 703.008802 354.040776 1801.261361 965.51437 3731.402216 2205.962401 3871.155616 2143.508825 1371.626056 1901.729138 661.2985 1181.972353 2747.959045 2010.4666 1132.619941 407.409448 1682.375633 142.147876 582.073297 711.382664 93.639285 201.248865
-1 1370.786976 1468.102484 1088.198618 1101.916973 160.469002 74.969936 1168.775684 126.083609 -1 1423.928705 692.385005 2018.273634 1603.258661 4424.136925 2596.382116 4883.474401 2592.889994 1766.673061 2959.339409 1183.911593 1257.09949 2711.979976 2710.775677 1465.0906 203.527229 2336.89201 404.650745 393.51721 1430.764621 335.856116 33.02216
-1 731.426153 1573.050301 1922.425805 69.790594 630.836401 897.311753 149.687585 703.008802 1423.928705 -1 595.264066 2188.727801 512.105828 2964.679226 2176.674085 2368.57309 1978.642717 1356.35377 375.1696 384.217634 1923.129325 3709.066373 1270.837466 1271.345501 1855.67157 1058.508977 547.89605 1980.305125 6.097642 503.138569 1585.513825
-1 1805.900213 2609.683677 2549.973829 703.96416 312.797909 560.431453 184.297705 354.040776 692.385005 595.264066 -1 3453.485477 201.348778 5418.6548 3817.036717 5044.440232 3657.254021 2639.633872 1909.63109 1289.91322 2695.171453 4927.931593 3079.683664 2366.414425 1489.52224 2684.811125 47.534404 1840.078621 685.25288 616.069089 979.760997
-1 396.54693 59.19125 171.31322 1492.748069 1834.925392 1546.21337 3029.761058 1801.261361 2018.273634 2188.727801 3453.485477 -1 4367.552345 627.828877 69.999274 1288.429129 110.143556 114.719509 2229.818873 739.873829 103.00522 220.49905 492.456397 123.896002 1158.296453 454.38088 2761.057157 837.195316 1989.088621 1161.93029 1649.703098
-1 2260.192925 3420.175945 3593.387565 826.66609 881.237825 1297.018125 126.351909 965.51437 1603.258661 512.105828 201.348778 4367.552345 -1 5897.942338 4556.518097 5071.127282 4312.485085 3272.329442 1545.893284 1612.26513 3700.513037 6236.388625 3367.30909 3047.459113 2627.253914 2995.351105 397.341594 3015.995573 627.907922 1169.139229 1993.453045
-1 987.138373 843.768077 1425.333949 2326.63304 3718.135229 3521.868013 4316.813545 3731.402216 4424.136925 2964.679226 5418.6548 627.828877 5897.942338 -1 284.473597 259.183912 252.619261 599.448352 2042.35153 1421.5513 1211.097493 1066.672553 353.456384 798.145625 3340.51688 488.407005 4708.423684 2835.211381 2701.87424 2654.066369 3989.696597
-1 398.534452 161.097424 436.53725 1522.946413 2220.83549 1979.540372 3167.02484 2205.962401 2596.382116 2176.674085 3817.036717 69.999274 4556.518097 284.473597 -1 773.804025 9.041906 108.688725 1907.227445 751.450313 321.744618 402.148292 264.991325 178.099172 1700.747485 279.259138 3138.038777 1331.72901 1962.190349 1434.077992 2221.800964
-1 1080.039337 1358.157529 2177.323265 1980.131368 3809.574185 3812.177057 3695.352725 3871.155616 4883.474401 2368.57309 5044.440232 1288.429129 5071.127282 259.183912 773.804025 -1 645.154721 925.9794 1204.18373 1340.247668 1931.927913 2193.556877 320.02532 1163.780237 4106.81812 464.276233 4520.825492 3669.443865 2144.881544 2769.783277 4584.220489
-1 331.41233 173.094506 492.007744 1371.947525 2149.38994 1945.42261 2962.597378 2143.508825 2592.889994 1978.642717 3657.254021 110.143556 4312.485085 252.619261 9.041906 645.154721 -1 86.090261 1666.425213 651.091405 371.778128 529.80881 176.257085 162.303986 1756.019173 191.742388 3013.611181 1400.426912 1771.755229 1368.44909 2244.08621
-1 96.173197 46.651909 276.973205 837.796048 1375.317605 1222.301717 2116.110785 1371.626056 1766.673061 1356.35377 2639.633872 114.719509 3272.329442 599.448352 108.688725 925.9794 86.090261 -1 1336.38569 299.581748 203.486733 653.185937 187.96304 14.894177 1160.96968 135.592453 2087.332532 912.621645 1193.356064 768.117337 1506.092989
-1 837.894329 1767.592973 2462.360365 450.34949 1799.179057 2107.963609 948.910225 1901.729138 2959.339409 375.1696 1909.63109 2229.818873 1545.893284 2042.35153 1907.227445 1204.18373 1666.425213 1336.38569 -1 594.94117 2348.479757 3850.666229 799.446602 1400.421005 3155.51725 727.652401 1816.097218 3117.381125 322.77769 1346.188601 3043.974641
-1 56.298785 410.252329 672.588621 135.5017 632.142965 669.000105 835.983405 661.2985 1183.911593 384.217634 1289.91322 739.873829 1612.26513 1421.5513 751.450313 1340.247668 651.091405 299.581748 594.94117 -1 640.690901 1722.665005 391.5673 258.818125 1070.10362 256.517077 972.528192 1003.723829 302.71322 266.492533 1122.256705
-1 380.840482 55.28077 8.787344 1260.269821 1225.618004 942.050762 2523.525962 1181.972353 1257.09949 1923.129325 2695.171453 103.00522 3700.513037 1211.097493 321.744618 1931.927913 371.778128 203.486733 2348.479757 640.690901 -1 334.836242 781.377749 135.036218 573.194077 666.116116 2055.555125 352.88424 1761.836789 737.91505 951.09865
-1 1188.4954 451.9969 393.51721 2768.112265 2823.64525 2346.745 4653.088804 2747.959045 2711.979976 3709.066373 4927.931593 220.49905 6236.388625 1066.672553 402.148292 2193.556877 529.80881 653.185937 3850.666229 1722.665005 334.836242 -1 1302.598665 651.245328 1506.182009 1281.20957 4043.115229 1088.198618 3460.124857 2066.888884 2196.03892
-1 226.613605 421.433197 920.974333 876.18568 1977.132925 1939.738765 2206.776457 2010.4666 2710.775677 1270.837466 3079.683664 492.456397 3367.30909 353.456384 264.991325 320.02532 176.257085 187.96304 799.446602 391.5673 781.377749 1302.598665 -1 288.154809 2149.778192 14.635421 2597.704708 1862.135861 1100.877376 1237.133281 2481.795445
-1 80.356648 21.356452 185.643874 756.771865 1141.560154 983.917288 1943.56402 1132.619941 1465.0906 1271.345501 2366.414425 123.896002 3047.459113 798.145625 178.099172 1163.780237 162.303986 14.894177 1400.421005 258.818125 135.036218 651.245328 288.154809 -1 913.988105 207.13433 1827.392509 700.427906 1121.148265 601.609444 1223.058472
-1 1043.469509 826.535053 445.316645 1319.75584 465.758197 232.434989 1874.692025 407.409448 203.527229 1855.67157 1489.52224 1158.296453 2627.253914 3340.51688 1700.747485 4106.81812 1756.019173 1160.96968 3155.51725 1070.10362 573.194077 1506.182009 2149.778192 913.988105 -1 1851.359381 1012.019588 34.128445 1793.71144 426.626161 73.212661
-1 128.10121 338.59793 783.7765 683.135477 1651.579136 1621.42093 1901.752906 1682.375633 2336.89201 1058.508977 2684.811125 454.38088 2995.351105 488.407005 279.259138 464.276233 191.742388 135.592453 727.652401 256.517077 666.116116 1281.20957 14.635421 207.13433 1851.359381 -1 2227.972213 1604.060932 904.249469 983.081402 2135.420834
-1 1386.976049 2016.272857 1920.064941 543.482692 116.663573 282.126969 237.236733 142.147876 404.650745 547.89605 47.534404 2761.057157 397.341594 4708.423684 3138.038777 4520.825492 3013.611181 2087.332532 1816.097218 972.528192 2055.555125 4043.115229 2597.704708 1827.392509 1012.019588 2227.972213 -1 1297.436885 607.74842 340.779013 614.057425
-1 897.618298 592.261066 251.45168 1377.752989 644.368196 369.554498 2135.67341 582.073297 393.51721 1980.305125 1840.078621 837.195316 3015.995573 2835.211381 1331.72901 3669.443865 1400.426912 912.621645 3117.381125 1003.723829 352.88424 1088.198618 1862.135861 700.427906 34.128445 1604.060932 1297.436885 -1 1889.795477 499.322434 202.73797
-1 614.423797 1411.147421 1770.829853 43.66568 641.914461 887.295197 210.195545 711.382664 1430.764621 6.097642 685.25288 1989.088621 627.907922 2701.87424 1962.190349 2144.881544 1771.755229 1193.356064 322.77769 302.71322 1761.836789 3460.124857 1100.877376 1121.148265 1793.71144 904.249469 607.74842 1889.795477 -1 471.842417 1565.278853
-1 413.939684 699.89364 673.158418 253.804833 89.473946 93.608404 594.978976 93.639285 335.856116 503.138569 616.069089 1161.93029 1169.139229 2654.066369 1434.077992 2769.783277 1368.44909 768.117337 1346.188601 266.492533 737.91505 2066.888884 1237.133281 601.609444 426.626161 983.081402 340.779013 499.322434 471.842417 -1 341.581572
-1 -1 -1 -1 -1 -1 -1 -1 -1 -1 -1 -1 -1 -1 -1 -1 -1 -1 -1 -1 -1 -1 -1 -1 -1 -1 -1 -1 -1 -1 -1 -1
